1000
5 5 3 100 41
8 8 0 100 119
0 0 8 100 241
2 2 5 100 391
15 5 2 100 392
4 4 9 100 980
6 6 4 100 1008
3 3 8 100 1076
18 8 3 100 1187
9 9 3 100 1216
1 1 4 100 1237
28 8 0 100 1320
7 7 6 100 1534
13 3 0 100 1566
17 7 0 100 1701
10 0 2 100 1716
38 8 2 100 1800
12 2 0 100 1855
25 5 6 100 1878
19 9 3 100 1949
35 5 0 100 2051
48 8 5 100 2431
14 4 7 100 2517
20 0 4 100 2708
16 6 2 100 2869
23 3 8 100 2933
27 7 8 100 2936
58 8 2 100 2983
29 9 5 100 2989
26 6 9 100 2990
11 1 2 100 3111
22 2 7 100 3182
45 5 1 100 3456
68 8 2 100 3462
37 7 9 100 3514
36 6 2 100 3651
32 2 5 100 3908
30 0 7 100 3981
24 4 9 100 4083
55 5 2 100 4126
40 0 8 100 4250
42 2 7 100 4304
65 5 0 100 4315
52 2 9 100 4477
46 6 5 100 4499
21 1 0 100 4517
78 8 4 100 4562
47 7 5 100 4605
34 4 2 100 4645
39 9 3 100 4663
75 5 3 100 4665
33 3 6 100 4769
31 1 9 100 4922
50 0 7 100 5129
60 0 4 100 5232
88 8 4 100 5258
98 8 1 100 5386
41 1 7 100 5405
43 3 8 100 5485
49 9 8 100 5572
53 3 6 100 5797
57 7 0 100 5819
62 2 6 100 6032
63 3 4 100 6068
44 4 7 100 6089
67 7 9 100 6225
56 6 7 100 6374
85 5 6 100 6446
51 1 8 100 6585
72 2 9 100 6613
70 0 2 100 6631
108 8 7 100 6638
77 7 0 100 6806
73 3 1 100 6848
95 5 6 100 6981
66 6 5 100 7047
54 4 8 100 7115
118 8 1 100 7131
61 1 3 100 7347
83 3 8 100 7365
87 7 2 100 7414
59 9 2 100 7420
105 5 3 100 7573
97 7 2 100 7893
76 6 5 100 7955
71 1 8 100 7971
93 3 5 100 8298
80 0 9 100 8433
82 2 1 100 8440
90 0 5 100 8588
64 4 5 100 8649
103 3 7 100 8779
86 6 1 100 8807
74 4 8 100 8821
69 9 2 100 8835
107 7 3 100 8858
128 8 0 100 8862
81 1 9 100 9158
115 5 3 100 9381
113 3 5 100 9473
96 6 3 100 9619
84 4 1 100 9746
92 2 8 100 9937
106 6 8 100 10080
79 9 0 100 10269
100 0 3 100 10379
94 4 6 100 10385
138 8 1 100 10393
104 4 1 100 10494
117 7 9 100 10531
116 6 1 100 10828
91 1 5 100 10855
110 0 4 100 10869
125 5 6 100 10928
120 0 2 100 11021
114 4 8 100 11139
101 1 0 100 11142
123 3 9 100 11210
102 2 7 100 11225
89 9 5 100 11282
111 1 8 100 11373
133 3 7 100 11393
130 0 4 100 11909
126 6 8 100 11948
148 8 1 100 11993
127 7 0 100 12111
112 2 9 100 12126
158 8 2 100 12170
140 0 2 100 12428
135 5 6 100 12546
124 4 9 100 12584
99 9 7 100 12641
137 7 9 100 12779
168 8 5 100 12890
121 1 8 100 12892
150 0 4 100 12922
143 3 5 100 13037
136 6 7 100 13453
160 0 8 100 13543
131 1 6 100 13605
134 4 5 100 13661
109 9 4 100 13755
178 8 7 100 13786
119 9 5 100 13878
122 2 3 100 13975
146 6 1 100 14158
145 5 4 100 14213
147 7 1 100 14426
170 0 6 100 14645
156 6 3 100 14717
144 4 5 100 14754
153 3 8 100 14791
129 9 7 100 14990
180 0 9 100 15079
188 8 1 100 15083
141 1 3 100 15113
166 6 4 100 15319
157 7 3 100 15322
139 9 5 100 15387
132 2 4 100 15520
155 5 6 100 15535
198 8 7 100 15547
149 9 7 100 15579
176 6 1 100 15687
154 4 8 100 15830
208 8 9 100 15855
142 2 3 100 15916
151 1 2 100 16240
186 6 1 100 16242
152 2 9 100 16243
163 3 1 100 16257
161 1 2 100 16487
165 5 3 100 16585
190 0 1 100 16727
167 7 0 100 16768
159 9 4 100 17158
218 8 2 100 17416
200 0 7 100 17426
177 7 8 100 17436
187 7 5 100 17609
164 4 6 100 17647
196 6 5 100 17785
173 3 0 100 18002
228 8 2 100 18031
162 2 1 100 18070
171 1 5 100 18191
206 6 4 100 18242
174 4 3 100 18301
175 5 6 100 18302
183 3 6 100 18363
169 9 6 100 18496
193 3 1 100 18565
210 0 9 100 18806
238 8 2 100 18892
197 7 8 100 18904
248 8 2 100 19050
179 9 0 100 19142
172 2 4 100 19251
184 4 5 100 19312
185 5 0 100 19390
203 3 8 100 19498
258 8 3 100 19500
182 2 7 100 19563
220 0 8 100 19666
192 2 1 100 19670
207 7 9 100 19768
216 6 5 100 19912
181 1 4 100 19957
217 7 1 100 20223
194 4 9 100 20402
195 5 1 100 20405
268 8 6 100 20418
191 1 7 100 20556
227 7 5 100 20557
202 2 0 100 20560
189 9 3 100 20607
204 4 6 100 20795
237 7 2 100 20877
205 5 4 100 20892
230 0 3 100 20973
199 9 4 100 20997
226 6 3 100 21009
213 3 0 100 21229
247 7 0 100 21330
223 3 8 100 21438
236 6 0 100 21461
233 3 2 100 21615
278 8 3 100 21626
212 2 6 100 21790
243 3 0 100 21926
215 5 2 100 21975
253 3 6 100 22075
240 0 8 100 22131
201 1 0 100 22146
288 8 2 100 22493
225 5 4 100 22562
209 9 5 100 22597
214 4 7 100 22686
246 6 0 100 22976
257 7 3 100 23163
235 5 1 100 23388
222 2 5 100 23394
211 1 0 100 23453
263 3 6 100 23516
250 0 5 100 23755
221 1 8 100 23760
224 4 3 100 23805
231 1 2 100 23932
232 2 5 100 23986
298 8 9 100 24088
245 5 6 100 24160
256 6 3 100 24420
219 9 1 100 24443
242 2 6 100 24537
234 4 9 100 24629
260 0 2 100 24915
267 7 2 100 24999
273 3 6 100 25138
255 5 8 100 25240
308 8 1 100 25277
229 9 0 100 25426
318 8 7 100 25507
266 6 5 100 25749
241 1 4 100 25811
283 3 6 100 25939
239 9 8 100 25947
252 2 8 100 26061
276 6 5 100 26081
251 1 2 100 26119
249 9 6 100 26153
286 6 2 100 26314
244 4 6 100 26341
270 0 4 100 26451
265 5 6 100 26642
277 7 0 100 26778
275 5 3 100 26796
280 0 5 100 26862
296 6 2 100 27101
259 9 1 100 27170
328 8 5 100 27201
261 1 9 100 27558
269 9 3 100 27741
293 3 6 100 27785
262 2 5 100 27914
254 4 9 100 28059
285 5 1 100 28125
279 9 6 100 28166
290 0 6 100 28228
303 3 0 100 28322
271 1 9 100 28339
306 6 9 100 28392
287 7 0 100 28645
289 9 5 100 28820
272 2 8 100 28897
338 8 9 100 28959
300 0 4 100 29002
316 6 8 100 29134
297 7 5 100 29201
307 7 0 100 29317
326 6 7 100 29639
264 4 3 100 29683
299 9 4 100 29689
295 5 1 100 29870
310 0 7 100 30017
281 1 2 100 30076
313 3 5 100 30106
336 6 5 100 30365
282 2 5 100 30382
348 8 3 100 30418
274 4 7 100 30619
346 6 8 100 30624
291 1 4 100 30632
309 9 1 100 30783
323 3 6 100 30835
317 7 0 100 30888
301 1 6 100 30912
320 0 3 100 31055
311 1 0 100 31083
356 6 4 100 31100
292 2 1 100 31172
358 8 3 100 31339
284 4 7 100 31390
305 5 2 100 31553
366 6 8 100 31722
327 7 2 100 31939
333 3 5 100 31944
319 9 5 100 31991
330 0 7 100 32036
368 8 4 100 32152
343 3 4 100 32153
378 8 1 100 32282
294 4 3 100 32357
337 7 4 100 32559
353 3 8 100 32612
388 8 5 100 32684
302 2 1 100 32726
376 6 7 100 32889
321 1 2 100 32952
315 5 8 100 33168
304 4 1 100 33278
347 7 3 100 33327
386 6 0 100 33448
363 3 6 100 33475
329 9 2 100 33509
325 5 8 100 33872
339 9 0 100 33887
340 0 5 100 33906
314 4 0 100 34016
331 1 4 100 34126
312 2 5 100 34171
335 5 8 100 34259
398 8 7 100 34353
324 4 2 100 34425
357 7 1 100 34603
350 0 1 100 34714
408 8 4 100 34722
341 1 0 100 34790
373 3 7 100 34860
367 7 6 100 35029
396 6 3 100 35040
345 5 4 100 35046
355 5 6 100 35358
377 7 9 100 35663
360 0 9 100 35718
349 9 1 100 35754
365 5 6 100 35943
418 8 1 100 35951
322 2 7 100 36008
334 4 5 100 36070
428 8 6 100 36194
383 3 7 100 36258
387 7 4 100 36530
351 1 9 100 36535
359 9 6 100 36538
406 6 9 100 36602
397 7 0 100 36671
344 4 9 100 36687
438 8 6 100 36718
393 3 9 100 36811
407 7 6 100 36959
448 8 3 100 37126
403 3 9 100 37182
370 0 5 100 37205
354 4 5 100 37251
375 5 6 100 37482
385 5 9 100 37596
416 6 1 100 37835
332 2 1 100 37861
369 9 6 100 37961
458 8 5 100 37997
417 7 9 100 38255
361 1 2 100 38381
364 4 6 100 38682
413 3 8 100 38821
379 9 8 100 38852
380 0 2 100 38854
342 2 5 100 38862
423 3 0 100 39016
427 7 3 100 39133
395 5 6 100 39352
437 7 4 100 39366
426 6 2 100 39473
352 2 5 100 39522
374 4 7 100 39562
371 1 9 100 39593
468 8 9 100 39693
389 9 8 100 39748
390 0 9 100 39879
399 9 7 100 39945
436 6 5 100 39947
405 5 8 100 40135
409 9 3 100 40220
362 2 5 100 40264
446 6 9 100 40265
372 2 4 100 40365
384 4 7 100 40536
433 3 4 100 40580
381 1 6 100 40670
447 7 8 100 40729
400 0 4 100 41019
415 5 7 100 41062
419 9 1 100 41118
382 2 3 100 41274
478 8 6 100 41314
443 3 9 100 41346
453 3 5 100 41518
394 4 9 100 41520
488 8 1 100 41538
410 0 5 100 41603
456 6 8 100 41639
391 1 2 100 41961
429 9 8 100 42026
392 2 7 100 42093
439 9 1 100 42191
425 5 4 100 42240
463 3 1 100 42416
466 6 9 100 42430
457 7 8 100 42543
498 8 9 100 42600
476 6 7 100 42771
404 4 0 100 42909
401 1 3 100 43036
473 3 7 100 43227
414 4 9 100 43242
486 6 0 100 43329
402 2 4 100 43423
420 0 7 100 43426
411 1 0 100 43579
496 6 2 100 43646
467 7 5 100 43658
424 4 0 100 43754
508 8 1 100 44007
435 5 4 100 44021
449 9 4 100 44048
421 1 9 100 44184
434 4 9 100 44310
477 7 4 100 44660
412 2 3 100 44689
518 8 9 100 44748
459 9 7 100 44849
483 3 0 100 44916
430 0 8 100 45003
431 1 6 100 45090
506 6 3 100 45120
444 4 7 100 45128
422 2 0 100 45156
445 5 0 100 45212
469 9 5 100 45261
479 9 7 100 45685
432 2 5 100 45755
528 8 7 100 45762
493 3 0 100 45960
487 7 5 100 45985
516 6 2 100 46088
455 5 0 100 46159
441 1 9 100 46348
440 0 8 100 46436
454 4 0 100 46730
489 9 7 100 46787
538 8 6 100 46991
499 9 2 100 47003
451 1 3 100 47151
526 6 9 100 47337
442 2 8 100 47442
450 0 5 100 47470
503 3 0 100 47501
465 5 0 100 47527
497 7 4 100 47628
513 3 7 100 47662
475 5 1 100 47702
548 8 1 100 47707
461 1 3 100 47840
464 4 9 100 47932
485 5 3 100 48053
523 3 1 100 48326
460 0 8 100 48337
536 6 8 100 48342
452 2 9 100 48462
507 7 8 100 48576
509 9 4 100 48633
495 5 9 100 48640
474 4 5 100 49021
462 2 8 100 49393
470 0 1 100 49463
471 1 8 100 49465
558 8 0 100 49515
484 4 9 100 49745
533 3 8 100 49857
517 7 5 100 49892
568 8 6 100 50102
481 1 3 100 50110
546 6 7 100 50184
472 2 7 100 50229
519 9 1 100 50333
505 5 6 100 50377
480 0 4 100 50472
529 9 4 100 50529
527 7 8 100 51006
556 6 2 100 51042
491 1 5 100 51190
490 0 3 100 51214
566 6 8 100 51318
543 3 4 100 51498
494 4 1 100 51591
576 6 5 100 51651
515 5 8 100 51921
578 8 2 100 51939
553 3 5 100 52039
482 2 3 100 52107
537 7 2 100 52199
500 0 6 100 52283
539 9 4 100 52304
501 1 2 100 52363
525 5 8 100 52462
588 8 3 100 52483
511 1 2 100 52499
492 2 6 100 52513
586 6 0 100 52568
504 4 6 100 52686
521 1 5 100 52729
563 3 7 100 52733
547 7 6 100 52857
531 1 0 100 52956
535 5 3 100 52993
514 4 2 100 52999
557 7 4 100 53039
596 6 8 100 53054
598 8 3 100 53308
549 9 1 100 53317
545 5 7 100 53378
510 0 4 100 53486
608 8 9 100 53497
502 2 3 100 53569
524 4 7 100 53601
520 0 2 100 53636
512 2 3 100 53675
530 0 5 100 54055
606 6 9 100 54124
541 1 2 100 54200
559 9 4 100 54391
522 2 4 100 54541
573 3 5 100 54555
567 7 2 100 54745
583 3 6 100 54843
618 8 0 100 54853
628 8 1 100 55127
555 5 3 100 55128
534 4 7 100 55245
577 7 6 100 55644
540 0 7 100 55705
551 1 4 100 55726
593 3 9 100 55750
616 6 0 100 55859
638 8 1 100 55891
569 9 7 100 56090
532 2 5 100 56192
648 8 3 100 56401
544 4 0 100 56563
565 5 3 100 56812
579 9 1 100 57050
603 3 8 100 57145
626 6 0 100 57180
550 0 8 100 57240
554 4 6 100 57364
561 1 5 100 57379
587 7 6 100 57410
589 9 6 100 57412
658 8 9 100 57420
542 2 8 100 57613
560 0 8 100 57799
599 9 8 100 57917
564 4 5 100 57993
636 6 4 100 58041
575 5 9 100 58096
609 9 4 100 58406
668 8 9 100 58491
613 3 5 100 58508
597 7 3 100 58637
571 1 0 100 58910
552 2 4 100 59061
570 0 7 100 59111
607 7 6 100 59524
678 8 4 100 59567
585 5 0 100 59586
580 0 1 100 59660
574 4 1 100 59723
646 6 5 100 59864
619 9 1 100 60085
623 3 8 100 60223
617 7 0 100 60265
656 6 5 100 60306
629 9 0 100 60370
595 5 3 100 60469
562 2 6 100 60504
581 1 7 100 60719
639 9 3 100 60743
633 3 1 100 60847
590 0 3 100 60885
605 5 8 100 61098
600 0 1 100 61110
688 8 5 100 61236
666 6 1 100 61345
584 4 1 100 61360
649 9 2 100 61422
659 9 4 100 61547
643 3 5 100 61614
627 7 3 100 61718
572 2 6 100 61772
637 7 3 100 61844
653 3 5 100 61889
615 5 6 100 61992
663 3 8 100 62067
676 6 8 100 62092
594 4 9 100 62155
610 0 1 100 62159
698 8 5 100 62191
669 9 7 100 62449
591 1 8 100 62592
582 2 6 100 62605
604 4 5 100 62617
620 0 7 100 62750
708 8 4 100 62931
647 7 8 100 63005
679 9 5 100 63094
718 8 2 100 63164
625 5 0 100 63235
601 1 5 100 63267
673 3 2 100 63339
614 4 8 100 63467
657 7 0 100 63480
630 0 3 100 63668
689 9 7 100 63757
667 7 9 100 63795
592 2 9 100 63846
686 6 7 100 63959
683 3 7 100 64074
699 9 4 100 64170
696 6 9 100 64175
635 5 8 100 64547
640 0 3 100 64621
728 8 1 100 64638
645 5 6 100 64957
611 1 2 100 65022
677 7 1 100 65057
709 9 4 100 65072
693 3 5 100 65076
706 6 8 100 65100
738 8 1 100 65113
624 4 2 100 65353
602 2 8 100 65355
703 3 9 100 65443
650 0 1 100 65479
716 6 1 100 65518
660 0 8 100 65774
748 8 0 100 65866
655 5 3 100 65934
713 3 0 100 66129
719 9 5 100 66141
634 4 8 100 66339
687 7 9 100 66401
758 8 6 100 66614
621 1 9 100 66731
670 0 2 100 66792
729 9 8 100 66810
612 2 8 100 66837
631 1 3 100 66888
726 6 2 100 67250
665 5 9 100 67313
644 4 2 100 67420
736 6 5 100 67427
675 5 8 100 67452
697 7 2 100 67594
768 8 0 100 67935
680 0 8 100 67982
723 3 4 100 67992
622 2 3 100 68027
690 0 1 100 68119
685 5 8 100 68242
632 2 7 100 68603
641 1 8 100 68614
739 9 5 100 68623
695 5 7 100 68656
654 4 3 100 68888
705 5 3 100 68935
778 8 1 100 69194
746 6 8 100 69311
707 7 1 100 69427
700 0 1 100 69513
733 3 9 100 69736
664 4 0 100 69863
749 9 7 100 69867
788 8 5 100 69910
756 6 9 100 70124
642 2 5 100 70276
651 1 8 100 70347
759 9 5 100 70542
652 2 8 100 70649
715 5 6 100 70781
710 0 6 100 70881
717 7 5 100 70906
769 9 4 100 71475
798 8 6 100 71519
743 3 8 100 71582
662 2 4 100 71621
766 6 8 100 71658
674 4 6 100 71744
661 1 6 100 71790
672 2 5 100 71802
720 0 2 100 71962
727 7 3 100 72039
671 1 4 100 72210
779 9 5 100 72284
725 5 4 100 72293
681 1 7 100 72594
737 7 4 100 72668
789 9 2 100 72776
776 6 3 100 72921
799 9 5 100 73236
735 5 4 100 73241
682 2 4 100 73243
753 3 9 100 73348
808 8 0 100 73393
684 4 9 100 73511
747 7 4 100 73716
809 9 7 100 73777
730 0 7 100 73819
691 1 2 100 73896
692 2 6 100 73982
818 8 4 100 74062
694 4 5 100 74092
701 1 9 100 74112
702 2 5 100 74117
828 8 0 100 74227
786 6 4 100 74652
745 5 7 100 74733
740 0 2 100 74849
763 3 1 100 74891
704 4 7 100 74984
838 8 5 100 74987
755 5 4 100 75181
848 8 0 100 75331
757 7 0 100 75376
819 9 7 100 75507
711 1 5 100 75667
767 7 9 100 75834
712 2 6 100 75920
773 3 5 100 75934
858 8 7 100 76005
750 0 3 100 76116
829 9 3 100 76198
765 5 9 100 76257
796 6 5 100 76435
714 4 2 100 76601
721 1 8 100 76742
722 2 6 100 76743
839 9 5 100 76949
777 7 6 100 77028
868 8 9 100 77126
724 4 7 100 77195
760 0 3 100 77253
731 1 3 100 77658
783 3 7 100 77821
775 5 1 100 77869
732 2 8 100 77932
734 4 1 100 78036
806 6 4 100 78173
849 9 4 100 78238
787 7 2 100 78262
878 8 5 100 78315
741 1 2 100 78367
744 4 5 100 78487
770 0 2 100 78489
751 1 6 100 78510
742 2 0 100 78516
785 5 1 100 78646
795 5 0 100 78793
816 6 5 100 79041
797 7 2 100 79072
793 3 7 100 79186
805 5 7 100 79222
888 8 4 100 79281
761 1 5 100 79360
807 7 9 100 79445
898 8 0 100 79509
771 1 3 100 79572
754 4 9 100 79664
826 6 1 100 79712
859 9 8 100 79754
781 1 2 100 79921
803 3 9 100 79937
752 2 5 100 80112
780 0 8 100 80332
869 9 2 100 80373
815 5 7 100 80523
764 4 6 100 80723
908 8 0 100 80794
836 6 8 100 80873
762 2 5 100 80875
817 7 8 100 80884
790 0 8 100 80983
827 7 3 100 80986
774 4 2 100 81091
825 5 1 100 81142
879 9 6 100 81188
813 3 4 100 81195
918 8 3 100 81218
846 6 8 100 81473
791 1 3 100 81513
800 0 9 100 81641
928 8 2 100 81881
837 7 6 100 81982
823 3 9 100 82131
847 7 3 100 82138
772 2 1 100 82301
801 1 6 100 82335
784 4 2 100 82443
889 9 1 100 82494
938 8 4 100 82532
811 1 0 100 82855
794 4 3 100 82929
856 6 7 100 82990
835 5 8 100 82992
810 0 4 100 83080
833 3 1 100 83189
857 7 8 100 83235
899 9 6 100 83294
843 3 6 100 83556
782 2 7 100 83577
820 0 8 100 83634
830 0 8 100 83802
866 6 9 100 83837
804 4 3 100 83876
821 1 5 100 83907
867 7 3 100 84259
948 8 2 100 84344
853 3 9 100 84669
845 5 0 100 84797
909 9 8 100 84798
814 4 1 100 85066
863 3 4 100 85101
792 2 6 100 85144
831 1 4 100 85175
919 9 0 100 85298
876 6 5 100 85361
877 7 5 100 85446
958 8 0 100 85585
855 5 6 100 85611
840 0 5 100 85634
802 2 5 100 85662
886 6 5 100 85665
896 6 9 100 85790
850 0 8 100 86042
812 2 7 100 86072
887 7 5 100 86072
968 8 9 100 86462
906 6 3 100 86496
929 9 3 100 86499
841 1 7 100 86511
873 3 0 100 86512
897 7 0 100 86669
824 4 6 100 86750
883 3 5 100 86790
978 8 3 100 86953
865 5 9 100 87036
851 1 4 100 87040
907 7 0 100 87328
893 3 1 100 87368
916 6 5 100 87588
822 2 3 100 87732
834 4 0 100 87813
939 9 2 100 87879
860 0 7 100 87895
903 3 6 100 87939
861 1 2 100 88002
875 5 3 100 88104
885 5 8 100 88213
988 8 5 100 88231
832 2 9 100 88232
917 7 5 100 88313
844 4 6 100 88500
926 6 8 100 88561
949 9 8 100 88760
871 1 5 100 88844
870 0 3 100 88911
913 3 0 100 88987
959 9 4 100 89027
923 3 8 100 89218
998 8 6 100 89368
969 9 5 100 89402
936 6 5 100 89464
842 2 8 100 89604
880 0 2 100 89635
852 2 8 100 89758
854 4 8 100 89761
927 7 9 100 89980
895 5 9 100 90081
933 3 1 100 90476
937 7 3 100 90556
881 1 9 100 90577
979 9 7 100 90821
890 0 4 100 90949
862 2 3 100 90979
946 6 0 100 91023
947 7 1 100 91071
891 1 6 100 91172
989 9 4 100 91180
901 1 0 100 91358
905 5 3 100 91373
900 0 1 100 91398
956 6 3 100 91412
864 4 3 100 91466
872 2 7 100 91856
966 6 8 100 91897
915 5 7 100 91903
957 7 5 100 92098
943 3 0 100 92128
999 9 6 100 92256
976 6 1 100 92263
911 1 8 100 92379
967 7 9 100 92431
874 4 3 100 92455
910 0 2 100 92697
921 1 7 100 92766
884 4 1 100 92785
953 3 8 100 92890
986 6 5 100 92934
894 4 0 100 93346
882 2 1 100 93370
925 5 9 100 93687
920 0 3 100 93697
935 5 4 100 94103
963 3 2 100 94269
977 7 0 100 94293
987 7 0 100 94398
904 4 7 100 94416
931 1 3 100 94456
996 6 9 100 94513
892 2 1 100 94597
930 0 8 100 95366
940 0 2 100 95498
914 4 6 100 95530
945 5 9 100 95633
941 1 8 100 95803
997 7 8 100 95815
973 3 5 100 95974
924 4 1 100 96037
950 0 9 100 96188
902 2 4 100 96449
951 1 7 100 96572
955 5 7 100 97038
934 4 8 100 97159
983 3 8 100 97632
960 0 3 100 97697
961 1 5 100 97998
944 4 0 100 98019
954 4 3 100 98155
970 0 6 100 98180
912 2 7 100 98193
965 5 6 100 98381
993 3 6 100 98498
964 4 0 100 99363
922 2 5 100 99384
975 5 2 100 99447
971 1 8 100 99640
932 2 1 100 99733
980 0 9 100 99788
974 4 6 100 99867
990 0 8 100 100507
985 5 1 100 100950
942 2 3 100 101122
981 1 5 100 101469
984 4 3 100 101740
991 1 2 100 101886
995 5 3 100 102209
952 2 7 100 102575
994 4 5 100 102922
962 2 3 100 103968
972 2 3 100 104259
982 2 0 100 105245
992 2 0 100 105681
